0.07462686567164178
0.06493506493506493
0.07894736842105263
0.025
0.0273972602739726
0.03571428571428571
0.04938271604938271
0.08333333333333333
0.058823529411764705
0.038461538461538464
0.0821917808219178
0.08450704225352113
0.08333333333333333
0.05555555555555555
0.039473684210526314
0.029411764705882353
0.05263157894736842
0.05714285714285714
0.05970149253731343
0.07692307692307693
0.07462686567164178
0.08860759493670886
0.06153846153846154
0.04878048780487805
0.07246376811594203
0.08333333333333333
0.08
0.04411764705882353
0.10975609756097561
0.03896103896103896
0.0136986301369863
0.08450704225352113
0.05555555555555555
0.06756756756756757
0.07407407407407407
0.02666666666666667
0.05405405405405406
0.06097560975609756
0.08108108108108109
0.0958904109589041
0.1095890410958904
0.11842105263157894
0.046153846153846156
0.07042253521126761
0.08571428571428572
0.05194805194805195
0.10810810810810811
0.05714285714285714
0.058823529411764705
0.06578947368421052
0.04938271604938271
0.06578947368421052
0.06944444444444445
0.06976744186046512
0.06666666666666667
0.07142857142857142
0.05
0.0273972602739726
0.04411764705882353
0.06153846153846154
0.05405405405405406
0.02564102564102564
0.05263157894736842
0.12162162162162163
0.08
0.06329113924050633
0.05555555555555555
0.09333333333333334
0.0547945205479452
0.13043478260869565
0.012345679012345678
0.05555555555555555
0.078125
0.06578947368421052
0.0625
0.09333333333333334
0.12048192771084337
0.07228915662650602
0.03076923076923077
0.046875
0.0641025641025641
0.08108108108108109
0.0410958904109589
0.05333333333333334
0.0958904109589041
0.0625
0.0625
0.05405405405405406
0.04
0.08974358974358974
0.11267605633802817
0.02564102564102564
0.08108108108108109
0.05714285714285714
0.1388888888888889
0.1038961038961039
0.0759493670886076
0.08450704225352113
0.0641025641025641
0.0684931506849315
